epoch:0:
64 1 1 0 10 1 
0 78 2 3 15 1 
4 1 29 0 3 0 
0 5 1 36 3 3 
4 11 2 2 120 2 
0 0 0 0 0 10 
epoch:1:
86 0 2 0 11 0 
1 92 2 2 16 0 
4 0 34 1 3 0 
1 3 0 34 8 0 
8 7 0 4 142 0 
0 0 0 1 1 13 
epoch:2:
68 0 2 0 11 0 
1 55 1 4 16 1 
2 1 24 0 5 0 
0 1 0 41 4 2 
4 6 0 2 105 0 
0 0 0 0 0 12 
epoch:3:
52 0 1 0 14 0 
0 71 0 1 13 1 
1 1 32 0 5 0 
0 4 0 37 3 1 
3 7 1 5 97 0 
0 0 0 0 1 9 
epoch:4:
75 0 1 3 10 0 
0 78 0 1 19 0 
4 2 23 1 5 0 
1 0 0 39 5 1 
8 8 0 2 116 0 
0 0 0 0 0 10 
epoch:5:
80 2 1 0 9 0 
2 67 0 3 18 1 
5 2 33 0 2 0 
1 3 0 31 3 3 
5 5 0 2 119 0 
0 1 0 2 1 7 
epoch:6:
85 0 0 1 7 0 
0 75 1 5 20 0 
2 1 26 1 5 0 
1 3 0 44 4 0 
7 11 0 4 102 1 
0 1 0 1 1 11 
epoch:7:
68 0 1 0 11 1 
1 75 0 2 10 0 
3 2 17 0 4 0 
2 6 0 28 6 0 
6 10 0 2 111 1 
0 0 0 2 0 11 
epoch:8:
62 1 0 1 9 0 
1 66 0 1 10 0 
2 1 23 1 1 0 
1 6 0 38 4 0 
8 4 0 2 113 0 
0 1 0 1 3 8 
epoch:9:
77 3 1 3 10 0 
3 92 1 2 9 0 
3 1 27 0 2 0 
1 4 0 41 7 1 
4 11 0 4 127 0 
0 1 0 2 2 13 
epoch:10:
64 2 0 4 8 0 
2 76 0 2 16 0 
3 3 27 1 4 0 
2 3 0 37 7 0 
2 5 1 0 120 0 
0 1 0 2 0 8 
epoch:11:
67 0 0 2 11 0 
0 67 0 3 21 0 
2 0 17 0 3 0 
1 0 0 37 9 0 
2 3 0 1 105 0 
0 0 0 0 2 11 
epoch:12:
82 4 0 0 6 0 
2 63 1 2 12 0 
2 1 29 1 5 0 
0 9 0 36 5 1 
4 10 0 4 125 0 
0 0 0 1 1 10 
epoch:13:
64 2 0 0 9 0 
1 76 1 0 13 0 
2 0 21 0 5 0 
0 4 0 27 7 0 
7 8 1 1 95 0 
0 0 0 0 2 10 
epoch:14:
61 2 0 0 8 0 
2 61 0 1 17 0 
0 1 35 0 3 0 
1 5 1 24 5 0 
0 6 0 0 94 0 
0 0 0 0 1 8 
epoch:15:
71 1 1 0 8 0 
1 66 0 3 20 0 
0 0 27 0 2 0 
2 1 0 39 6 1 
2 9 0 1 92 0 
0 0 0 0 0 11 
epoch:16:
52 4 2 1 9 0 
1 56 1 0 17 0 
5 2 21 0 2 0 
0 2 0 29 4 1 
2 6 0 0 99 0 
0 1 0 0 3 8 
epoch:17:
58 0 0 2 15 0 
2 66 0 2 8 0 
3 1 23 0 2 0 
1 3 0 38 9 0 
4 5 0 2 111 0 
0 0 0 1 2 6 
epoch:18:
59 0 1 0 10 0 
0 70 0 0 10 0 
4 1 21 0 1 0 
0 4 0 31 9 0 
3 5 1 0 113 0 
0 0 0 2 4 3 
epoch:19:
74 3 1 0 4 0 
1 69 1 1 17 0 
4 4 20 0 3 0 
0 6 1 30 11 1 
3 5 0 2 107 0 
0 0 0 1 2 9 
epoch:20:
92 0 2 1 18 0 
0 86 1 3 11 0 
4 0 27 0 1 0 
1 2 0 45 10 0 
6 9 0 3 136 0 
1 1 0 2 2 8 
epoch:21:
84 1 1 0 12 0 
2 73 0 1 18 1 
3 3 21 2 1 0 
0 6 0 36 5 0 
4 3 0 1 122 0 
0 0 0 0 1 7 
epoch:22:
58 0 1 0 6 0 
4 56 0 3 13 0 
2 0 16 0 3 0 
1 1 0 33 6 0 
3 5 1 0 94 0 
0 2 0 1 1 2 
epoch:23:
58 0 1 0 4 0 
2 61 0 1 11 1 
2 0 17 0 3 0 
1 2 0 28 8 0 
3 2 0 0 96 0 
0 2 0 0 1 8 
epoch:24:
43 4 0 0 3 0 
0 51 0 0 6 0 
2 0 23 0 1 0 
1 4 0 17 5 0 
2 4 1 1 68 0 
0 2 0 1 2 3 
epoch:25:
63 0 0 1 14 0 
1 84 0 0 17 0 
4 1 27 0 1 0 
0 1 0 31 10 0 
3 5 1 1 124 0 
0 1 0 4 2 12 
epoch:26:
63 0 0 0 8 0 
2 53 1 2 9 0 
2 1 17 0 3 1 
0 3 0 32 6 0 
6 2 2 0 84 0 
0 0 0 0 1 6 
epoch:27:
72 1 0 0 3 0 
1 62 0 1 13 0 
2 1 24 0 3 0 
2 5 0 30 12 1 
2 7 0 3 99 0 
0 0 0 0 1 7 
epoch:28:
97 2 1 1 5 0 
1 97 0 2 17 1 
3 2 30 0 4 0 
0 5 0 41 8 1 
7 6 1 3 148 0 
0 0 0 1 7 13 
epoch:29:
68 0 2 0 14 0 
0 73 1 1 14 0 
3 0 26 0 1 0 
1 3 1 28 6 0 
3 6 2 0 127 0 
0 1 0 1 2 12 
epoch:30:
43 1 2 1 6 0 
1 69 0 0 15 0 
0 0 22 1 0 0 
0 2 0 30 4 2 
3 8 2 0 96 0 
1 1 0 2 1 7 
epoch:31:
69 0 0 0 9 0 
0 73 2 0 14 0 
2 2 33 0 2 0 
3 3 0 23 10 0 
3 3 0 2 109 1 
0 0 0 1 3 9 
epoch:32:
63 0 1 0 2 0 
1 53 0 0 9 0 
1 0 19 0 1 0 
3 5 0 22 7 0 
4 3 0 0 78 0 
0 0 0 3 4 9 
epoch:33:
65 1 0 0 5 0 
0 75 0 3 10 0 
1 1 31 0 0 0 
1 8 0 32 4 0 
2 7 0 1 97 0 
1 1 0 3 4 7 
epoch:34:
57 0 0 1 4 0 
0 58 0 0 13 0 
2 1 9 0 4 0 
0 2 0 18 6 0 
2 2 0 2 82 0 
0 1 0 3 2 11 
epoch:35:
75 1 2 0 9 0 
3 76 1 0 17 0 
0 1 25 0 5 0 
1 3 0 39 9 0 
5 8 0 1 124 0 
0 0 0 3 2 10 
epoch:36:
58 0 0 1 7 0 
2 60 0 1 15 0 
0 2 21 0 3 0 
0 0 0 34 8 0 
1 5 0 0 111 2 
0 1 0 3 2 7 
epoch:37:
51 0 1 0 5 0 
0 53 1 2 16 0 
1 0 22 0 5 0 
0 4 0 23 5 0 
2 2 0 0 99 0 
0 0 0 0 4 4 
epoch:38:
63 0 0 0 7 0 
1 64 0 1 6 0 
2 1 24 0 3 0 
0 2 0 35 10 0 
4 7 0 3 84 1 
0 0 0 1 3 6 
epoch:39:
71 1 0 1 8 0 
2 63 0 0 20 0 
0 1 22 0 4 0 
0 3 0 32 5 0 
3 6 0 0 122 0 
0 1 0 1 3 7 
epoch:40:
63 0 0 0 7 0 
0 62 0 1 18 0 
0 0 25 0 4 0 
1 6 1 31 7 0 
4 8 0 1 109 0 
0 0 0 2 0 10 
epoch:41:
88 1 0 0 6 0 
1 72 0 2 24 0 
5 1 22 0 6 0 
2 6 0 39 3 0 
0 5 0 2 109 0 
0 1 0 4 4 9 
epoch:42:
58 1 0 0 10 0 
1 64 2 0 11 0 
2 0 21 0 3 0 
1 3 0 35 11 0 
4 1 0 1 122 0 
0 0 0 0 3 10 
epoch:43:
58 0 0 0 9 0 
0 77 0 0 12 0 
0 1 17 0 4 0 
0 5 0 25 13 0 
2 5 0 0 97 0 
1 0 0 0 4 6 
epoch:44:
69 1 0 1 7 0 
0 80 0 1 15 0 
2 0 22 0 4 0 
0 4 0 31 6 1 
7 3 0 1 113 0 
0 0 0 2 4 6 
epoch:45:
59 0 1 0 3 0 
0 58 1 0 10 0 
3 3 15 0 1 0 
0 3 0 19 9 0 
1 4 1 1 88 0 
0 0 0 2 0 6 
epoch:46:
62 0 1 1 7 0 
3 62 0 1 14 0 
3 1 19 0 0 0 
0 5 0 23 7 0 
7 2 1 0 109 0 
0 4 0 1 1 10 
epoch:47:
65 3 1 0 9 0 
1 79 0 0 13 0 
3 2 18 0 2 0 
0 3 0 31 8 0 
5 5 0 0 102 1 
1 1 0 1 0 6 
epoch:48:
56 0 0 1 8 0 
1 65 0 0 15 0 
4 2 19 0 3 0 
2 7 0 29 5 0 
4 5 0 0 99 0 
0 0 0 1 0 10 
epoch:49:
58 1 1 0 10 0 
3 68 1 1 17 1 
2 0 20 0 5 0 
0 6 1 44 1 0 
3 5 1 0 122 0 
0 1 0 1 2 13 
epoch:50:
61 0 0 0 5 0 
0 58 0 3 8 0 
1 1 14 0 1 0 
0 2 0 33 6 0 
5 5 0 1 88 1 
0 0 1 1 2 7 
epoch:51:
68 1 0 0 9 0 
0 65 0 0 18 0 
2 1 29 0 2 0 
2 4 0 29 11 0 
3 7 0 0 117 0 
0 0 0 2 3 3 
epoch:52:
62 1 0 0 6 0 
0 70 0 1 12 0 
1 2 28 0 5 0 
2 2 0 35 8 1 
3 2 1 2 121 0 
0 1 0 4 3 11 
epoch:53:
48 0 0 0 8 0 
0 48 0 1 12 0 
1 1 17 0 2 0 
0 2 0 27 11 1 
1 1 0 0 93 1 
0 0 0 0 4 9 
epoch:54:
48 0 0 0 11 0 
0 52 0 2 10 0 
1 1 21 0 3 0 
1 2 0 27 6 0 
3 2 0 0 85 0 
0 0 0 1 4 4 
epoch:55:
55 0 0 0 5 0 
0 51 0 0 17 0 
2 1 14 0 0 0 
0 7 1 19 7 0 
1 4 0 0 87 0 
0 1 0 1 3 8 
epoch:56:
57 0 0 1 6 0 
1 60 0 1 12 0 
2 1 18 0 1 0 
2 1 1 28 6 0 
0 8 0 1 97 0 
0 0 0 0 3 9 
epoch:57:
66 0 0 1 8 0 
2 66 0 1 14 0 
0 0 24 0 1 0 
0 5 0 31 11 0 
1 7 2 0 100 0 
0 3 0 0 4 5 
epoch:58:
72 1 0 1 12 0 
1 66 2 0 17 0 
0 1 35 0 1 0 
1 1 0 31 9 1 
3 7 0 1 121 0 
0 0 0 2 5 13 
epoch:59:
71 2 0 2 12 0 
1 63 0 0 13 0 
2 0 22 0 2 0 
1 3 0 28 11 0 
5 4 0 0 100 0 
0 1 0 2 2 5 
epoch:60:
68 0 1 0 6 0 
2 64 1 1 21 0 
0 0 18 0 1 0 
0 5 0 28 6 0 
2 8 0 0 100 0 
0 0 0 2 3 7 
epoch:61:
60 4 0 0 5 1 
0 76 1 1 10 0 
2 3 27 0 4 0 
0 8 0 32 9 0 
4 7 1 0 92 0 
0 0 0 3 1 9 
epoch:62:
62 2 1 0 10 0 
0 63 0 1 18 0 
1 0 19 0 3 0 
2 4 0 37 5 0 
5 5 0 4 88 0 
0 0 0 1 2 11 
epoch:63:
79 0 1 2 2 0 
1 65 1 1 18 0 
1 1 21 0 3 0 
2 2 0 30 10 0 
3 5 0 1 100 0 
0 2 0 0 5 8 
epoch:64:
54 0 0 1 6 0 
1 64 0 0 20 0 
1 1 11 1 2 0 
1 4 0 25 8 0 
0 2 0 1 117 0 
0 2 0 0 2 4 
epoch:65:
67 1 2 1 5 0 
2 77 0 2 7 0 
2 1 18 0 3 0 
2 2 1 31 11 0 
2 5 0 0 106 0 
0 1 0 0 4 11 
epoch:66:
73 1 1 1 4 0 
1 66 1 2 21 0 
6 1 29 0 3 0 
1 5 0 44 7 1 
3 3 0 3 124 0 
0 2 0 2 3 12 
epoch:67:
71 1 1 1 7 0 
0 71 2 4 8 0 
2 0 28 1 3 0 
0 8 0 29 9 1 
2 6 1 0 117 0 
0 2 0 0 1 8 
epoch:68:
51 0 2 0 9 0 
1 62 0 2 8 0 
2 1 17 0 4 0 
1 3 0 27 7 0 
2 3 1 0 93 0 
0 1 0 1 4 10 
epoch:69:
86 1 1 0 10 0 
1 75 0 0 13 0 
2 2 27 0 5 0 
2 4 0 24 10 0 
8 3 0 1 124 0 
0 1 0 1 3 8 
epoch:70:
62 1 0 0 11 0 
0 73 0 0 9 0 
4 0 26 1 1 0 
1 3 0 31 7 0 
1 3 1 2 127 0 
0 1 0 1 4 6 
epoch:71:
71 1 1 0 8 0 
2 66 0 2 18 0 
2 2 24 1 3 0 
0 4 0 30 8 0 
0 7 1 1 122 0 
0 0 0 1 5 8 
epoch:72:
66 0 1 0 6 0 
1 68 2 1 11 1 
1 0 19 0 1 0 
3 4 0 34 9 1 
5 5 0 1 102 0 
0 0 0 0 1 5 
epoch:73:
66 1 0 1 7 0 
1 66 1 0 15 0 
1 2 29 0 1 0 
2 3 0 23 3 0 
3 8 1 1 100 0 
0 1 0 0 3 9 
epoch:74:
55 1 1 0 4 0 
2 57 0 4 9 0 
1 0 22 0 1 0 
1 2 1 28 9 0 
2 5 0 1 103 0 
0 1 0 2 3 5 
epoch:75:
47 1 0 1 12 0 
0 71 0 1 15 0 
0 0 22 0 2 0 
0 4 2 27 7 0 
0 4 0 1 118 0 
0 1 0 2 5 9 
epoch:76:
59 0 0 0 5 0 
2 75 0 0 10 0 
2 1 23 0 3 0 
0 6 0 18 9 0 
4 5 0 1 96 0 
0 1 0 2 2 8 
epoch:77:
64 1 0 0 10 0 
1 70 0 2 10 0 
0 3 18 0 1 0 
0 2 0 28 8 0 
3 4 0 2 114 0 
0 0 0 2 3 6 
epoch:78:
59 0 0 1 3 0 
0 44 0 0 12 0 
1 1 22 0 2 0 
1 3 0 26 5 0 
0 4 0 1 90 1 
1 0 0 2 5 8 
epoch:79:
50 0 0 0 4 0 
1 52 0 0 13 0 
2 1 16 0 2 0 
0 5 1 22 4 0 
3 5 0 0 87 0 
0 1 0 1 2 12 
epoch:80:
80 0 1 0 9 0 
3 78 0 1 10 0 
3 0 24 0 2 0 
0 3 0 28 8 0 
10 5 0 0 112 0 
1 3 0 0 4 7 
epoch:81:
71 0 0 0 10 0 
2 65 0 0 14 0 
0 0 26 0 2 0 
2 3 0 25 8 1 
4 2 0 1 101 0 
0 0 0 2 2 7 
epoch:82:
62 1 0 0 4 0 
3 61 0 2 21 0 
2 0 19 0 3 0 
0 5 0 29 9 0 
2 10 1 0 99 0 
1 2 0 1 1 10 
epoch:83:
54 1 0 0 6 0 
1 51 1 1 14 0 
1 2 16 0 1 0 
1 1 0 26 3 0 
3 3 0 1 86 0 
0 0 0 2 1 8 
epoch:84:
68 1 0 0 6 0 
0 81 0 1 10 0 
0 2 16 1 3 0 
3 7 0 30 7 0 
2 4 0 0 99 0 
0 0 0 2 3 10 
epoch:85:
61 3 0 0 8 0 
1 54 0 1 16 0 
0 1 20 1 2 0 
2 2 0 37 7 0 
2 6 2 4 94 0 
0 1 0 1 0 10 
epoch:86:
61 1 0 0 7 0 
1 73 0 2 13 0 
2 2 21 0 1 0 
0 3 0 26 10 0 
4 1 0 2 95 1 
0 1 0 0 3 6 
epoch:87:
67 1 0 0 7 0 
0 61 1 2 16 0 
2 2 19 0 2 0 
1 2 0 31 9 0 
2 6 0 1 115 0 
0 2 0 0 3 8 
epoch:88:
61 0 0 0 4 0 
1 66 0 0 9 0 
0 2 20 0 3 0 
1 4 0 31 8 0 
5 3 0 3 99 0 
1 1 0 1 7 6 
epoch:89:
75 1 0 0 5 0 
0 67 0 0 14 0 
2 2 19 0 5 1 
0 2 0 30 7 1 
2 5 0 0 113 1 
0 0 0 4 5 7 
epoch:90:
65 0 2 1 4 1 
1 61 0 2 13 0 
4 1 25 0 2 0 
1 2 0 33 5 3 
4 7 0 0 98 0 
0 0 0 3 3 11 
epoch:91:
58 0 0 2 7 0 
0 61 0 0 10 0 
3 1 13 0 4 0 
1 2 0 24 7 0 
2 4 0 0 88 0 
0 0 0 1 6 6 
epoch:92:
71 0 0 0 9 0 
1 60 0 2 14 0 
3 1 24 0 3 0 
1 1 0 39 10 0 
3 3 0 0 116 0 
0 0 0 0 4 7 
epoch:93:
68 1 2 0 9 0 
1 69 3 1 15 0 
6 0 19 0 3 0 
1 7 0 25 6 0 
0 1 0 0 120 0 
0 1 0 0 3 7 
epoch:94:
51 0 0 0 5 0 
0 63 0 0 9 1 
1 0 23 0 0 0 
0 1 0 25 8 2 
3 6 0 1 95 0 
0 2 0 3 6 7 
epoch:95:
51 0 0 0 4 0 
0 42 0 1 15 0 
1 0 15 0 4 0 
0 3 1 18 7 1 
5 3 0 0 85 0 
0 0 0 0 3 5 
epoch:96:
71 0 0 1 7 0 
0 69 0 1 12 0 
5 0 21 1 3 0 
1 1 0 30 7 0 
2 4 0 1 121 0 
0 5 0 1 6 10 
epoch:97:
67 3 0 0 4 0 
1 65 0 1 13 0 
5 2 20 1 3 0 
3 2 0 26 9 0 
2 6 0 0 100 0 
0 2 0 1 2 6 
epoch:98:
60 1 1 0 8 0 
1 64 0 3 12 0 
3 1 15 0 0 0 
1 0 0 29 13 1 
2 6 1 0 101 0 
0 1 0 0 0 8 
epoch:99:
62 1 2 0 5 0 
0 55 1 0 14 1 
1 0 30 0 2 0 
1 5 0 20 6 0 
2 3 0 0 94 0 
0 3 1 0 4 7 
